//Simplexes d'ordre 0
0.0 0 1
0.0 0 2
0.0 0 3
0.0 0 4
0.0 0 5
0.0 0 6
0.0 0 7
0.0 0 8
0.0 0 9
//Simplexes d'ordre 1
//L1
1.0 1 1 2
1.0 1 2 3
1.0 1 1 3
//L2
1.0 1 4 6
1.0 1 6 7
1.0 1 4 7
//L3
1.0 1 5 8
1.0 1 8 9
1.0 1 5 9
//C1
1.0 1 1 4
1.0 1 4 5
1.0 1 1 5
//C2
1.0 1 2 6
1.0 1 6 8
1.0 1 2 8
//C3
1.0 1 3 7
1.0 1 7 9
1.0 1 3 9
//Diagonales
1.0 1 1 6
1.0 1 4 8
1.0 1 5 2
1.0 1 2 7
1.0 1 6 9
1.0 1 8 3
1.0 1 3 4
1.0 1 7 5
1.0 1 9 1
//Simplexes d'ordre 2
2.0 2 1 2 6
2.0 2 1 6 4
2.0 2 4 6 8
2.0 2 4 8 5
2.0 2 5 8 2
2.0 2 1 2 5
2.0 2 2 7 6
2.0 2 2 3 7
2.0 2 6 7 9
2.0 2 6 8 9
2.0 2 8 9 3
2.0 2 2 3 8
2.0 2 3 1 4
2.0 2 3 4 7
2.0 2 7 5 4
2.0 2 7 5 9
2.0 2 9 5 1
2.0 2 9 1 3
